0;0;0;0;0;0;0;0;0;0;0;0;0;0;0;0;0;0;0;0;0;0;0;0;0;0;0;0;0;0;0;0;0;0;0;0
57.333;81;2.6667;95;179.33;149.33;168;177.33;118;64;52.667;100.33;191.67;304.33;103.67;251.67;152.67;211.33;122.67;139;183.33;132.67;146.67;168.33;170.33;127;139.33;89.667;72.333;123.67;94.667;122.67;82.333;109;241.67;225
182.8;248;145.4;145.2;327.6;281.2;330;352.2;286;269.6;320;303.8;308.4;516.2;279.2;439;282.2;416.4;365.8;348.2;437.2;239;369;341.2;404.2;290.2;333.4;279;320;317;330.6;251;235.8;290;377.4;423.6
305.4;381.6;276.6;239.4;470.2;420.6;464;499;421.4;484.6;483.8;509.6;514.8;766.6;454;637.2;432.6;611;586.8;583.6;669.2;393.4;528;558.8;612.8;416.6;458.2;460;543.4;570.6;489.6;424;429.8;447.6;585.8;616.8
394.8;492.2;417.6;355.8;635.2;527;612.2;637.8;582;690.6;688.6;646.8;677.8;1006.8;670.2;841;592.8;889;763;857.6;893;513;678;784.6;802.6;590.8;685.2;668.8;810.6;811.6;694.2;573.2;603.8;662.6;797.2;822.2
519.2;599.2;550.4;439;736.8;659.8;769;813.6;705.4;935.4;954.6;856.2;836.6;1248;892;1034.8;745.2;1083.2;979.8;1078.2;1188.6;643.6;859.2;1000.2;1018.2;762.4;841.2;922;1144.4;1081.6;959.4;715.6;787;867.8;1021.6;1021.4
689.6;714.6;720.4;582.4;851.2;779;904;936.6;782;1148.6;1146.2;1083.2;1108.2;1585;1043.4;1152.6;938;1283;1214.6;1367;1484;806.4;994.2;1216.8;1199.4;932.6;962;1195.2;1426.6;1307.2;1095.6;851.4;976;1026.8;1238.4;1190.6
812.4;816.4;803.4;677;945;940.8;1059;1091;927.4;1261.8;1275.8;1258;1336.2;1906.2;1215.4;1333.8;1128.6;1545.4;1348.8;1579;1705.6;938.4;1161.2;1449;1376;1133.4;1068.6;1417;1715.6;1486.2;1309.8;1041.2;1167.2;1233.6;1477.4;1435.6
922.2;926.6;911.4;764.2;1021.2;1060.4;1243.6;1227.6;1000;1292.8;1465;1411.8;1464.8;2100.2;1380.6;1499.2;1280.8;1721.2;1492.6;1736.8;1938.4;1082.8;1353.2;1594.4;1538;1349.4;1208.2;1655;1972.4;1602.8;1537;1159.2;1344.8;1469.4;1687.2;1598.2
1082.8;1043.6;1013;853.6;1119.2;1141.8;1330;1364.8;1115.8;1433.6;1649.6;1618.4;1655.2;2386.2;1506.4;1628.2;1453.4;1876.2;1744.8;1890.6;2164.2;1249.6;1577.6;1725.2;1655.8;1527.2;1245.8;1906.2;2173.6;1724.2;1726.8;1299.8;1511.8;1632.2;1843.6;1771
1214.8;1164.6;1151.4;921.2;1223;1229.6;1355.8;1416.4;1184.6;1571;1772;1794.8;1787.2;2546.4;1619.4;1769.4;1611;1988.2;1947.2;2140.6;2328.4;1421.8;1716.2;1906.8;1832.6;1659.6;1393.4;2120.8;2348.6;1900.6;1859;1508.2;1662.2;1754.2;1940;1917.6
1221;1244;1213.4;964.2;1298.4;1340.8;1495.6;1522.4;1341.4;1681.4;1894;1907.6;1906.2;2669;1843.8;1991.6;1781.2;2199.2;2060.6;2264;2451.8;1552.6;1885.6;2065.8;2020.8;1844.2;1617.8;2274.4;2513.6;2065.4;2041.4;1663;1806;2038.8;2177.2;2087.6
1316;1361.8;1290.6;1083.6;1394.2;1386;1601;1578.4;1405.2;1938.2;2072;2012.4;2049.6;2653;2030.6;2217;1902;2319.2;2258.4;2447.2;2671;1726;2024.8;2130.2;2155.2;1951;1760.6;2517.4;2651.4;2347.4;2115;1801;1926.2;2318.6;2304.6;2230.4
1356.2;1411.4;1357;1130.6;1533.4;1374.8;1624.2;1660.4;1530.8;2222.8;2190;2124.6;2187;2822.6;2154.4;2341.8;2104.6;2493;2490.4;2639.8;2850.8;1819;2135.8;2341.6;2258.8;2076.8;1921.4;2669.8;2774;2540.2;2288.2;1931.4;2023.8;2478.6;2404.2;2435.8
1418.4;1482.4;1422;1189;1602.2;1496.2;1716.2;1759;1595.2;2363.6;2253.2;2211.4;2346.6;2873.8;2252.8;2508.2;2172.2;2598.8;2553.6;2814;3031.8;1976.2;2226;2593;2401.2;2180.4;2103;2790;2907.2;2714.8;2402.2;2189.6;2190;2623;2565.4;2618.2
1483.8;1654.2;1501.6;1221.4;1595.6;1564.6;1858.2;1850.2;1669.2;2470.2;2404.8;2340.6;2451.4;2965.8;2342.8;2591.6;2257.8;2711.8;2680.2;2878.4;3225.2;2079.8;2369.6;2708.2;2477.6;2224.2;2186;2953.2;3027.8;2821.8;2580;2279.8;2395.6;2802.8;2698;2759.8
1532.6;1757.8;1580.6;1260.4;1658.2;1600;1861.6;1958.8;1678.6;2577.8;2492.6;2459.2;2498.8;3015;2340;2687.4;2308.8;2739.6;2840.6;2982;3408.6;2238.6;2430.2;2807.8;2536.8;2318.4;2228.4;3131.8;3127;2962.4;2731.2;2441.2;2448.2;2793;2727;2856.6
1647;1811.8;1687.6;1263.2;1662.2;1628.8;1877.4;2032.8;1758.6;2590.8;2606.4;2531.6;2527.4;3169.8;2341.4;2676;2356.8;2728.4;3005.2;3144.4;3565.4;2326.2;2528;2938.2;2706.2;2375.6;2309.4;3243.4;3248.6;3069.2;2844.6;2535.8;2604.2;2790.2;2843.2;2941.2
1731.6;1894.6;1724.4;1315.6;1659.6;1769.6;1941.2;2103;1793.6;2590.2;2765.8;2551.8;2606.8;3158.8;2482.6;2790.6;2290.6;2763.6;3015.8;3275;3705.8;2440.6;2653.4;3074.6;2854.2;2453.6;2393;3401.6;3302.2;3175.4;2901.4;2612.6;2697;2817.6;2943.4;2998.6
1780.4;2001.8;1791.6;1290.8;1665;1765;2025;2139.6;1796.4;2654.6;2881;2766.4;2597.4;3239;2559.8;2840.2;2316;2865.6;3129.8;3349;3847.8;2515.6;2806.2;3122.4;2971;2521.6;2397.8;3567.8;3428.4;3298.8;3054.8;2602.2;2754;2919.6;2943.6;3039.4
1831;1948.4;1763.2;1400.2;1731.8;1738.4;2062.6;2158.6;1873;2753;2882;2869;2730.6;3335.2;2637;2880.8;2408.8;2967;3195.6;3512.8;4011.4;2563.8;2887.6;3160.4;3046.4;2725.4;2480.6;3722.6;3582.6;3347.4;3152;2667.4;2839.8;2975.4;3005.2;3122.8
1953;2002;1829.8;1447.6;1745;1742.8;2198.2;2214;1956.6;2791.8;2922.6;2884.2;2753.8;3349.4;2741;2906.6;2474.4;3119.4;3242.2;3631.4;4192.2;2604;3050;3326.4;3166.8;2764.4;2637.8;3857.2;3663.2;3403;3254.2;2680.2;3013.6;3086.4;3146;3222.2
1946.6;2022.2;1871.8;1495.4;1825;1752.8;2203.6;2275.4;1941;2846.8;2976.2;2967.8;2827.4;3438.2;2849.2;2928.6;2533.2;3229;3347.4;3713.2;4291.2;2741.2;3154.4;3501.4;3191.4;2845.2;2707.2;3983.8;3764;3378.4;3360;2765.4;3066.6;3195.8;3165.8;3235.2
2019.3;2069.3;1913.7;1612.3;1868.3;1712.7;2260;2316.3;2035;2936;2954.7;3004.3;2910;3541.7;2874.3;2886.3;2750.7;3307.3;3518.3;3827.3;4491.7;2811.7;3202.7;3527;3260;2955;2872.3;4158;3949.3;3368.7;3429.7;2845.3;3226;3303;3297.3;3292.7
1998;2005;2041;1573;1929;1674;2080;2319;1912;2858;3179;2954;2939;3732;2886;2876;2649;3276;3816;4000;4336;3189;3338;3737;3406;2869;2824;4204;3982;3320;3248;3040;3177;3518;3249;3172
