34.149
29.785
37.26
35.218
37.362
41.48
32.535
36.879
37.304
29.638
39.841
35.705
37.26
29.851
38.925
29.692
28.831
32.031
32.529
38.454
30.782
38.21
28.986
31.045
26.711
33.901
29.495
32.825
36.558
26.797
30.601
25.573
35.167
25.872
29.705
37.536
33.242
32.131
33.418
38.273
35.087
33.022
39.223
36.955
41.17
34.827
33.898
38.651
30.242
37.091
32.317
30.319
28.404
31.583
36.039
37.206
31.889
35.878
33.649
36.82
30.028
36.446
34.737
26.121
32.537
33.856
31.255
37.695
29.389
36.303
30.671
36.089
31.213
32.368
37.105
33.737
33.576
27.083
29.346
36.931
28.974
31.036
32.469
31.857
36.996
29.672
27.859
31.432
38.69
33.677
36.537
39.543
29.892
29.694
29.536
29.889
30.136
35.79
32.399
32.388
40.715
38.723
39.037
49.494
38.432
47.935
44.521
40.435
41.633
44.261
40.259
45.376
44.293
38.247
44.589
41.367
45.227
39.86
40.885
45.729
40.934
41.028
41.961
38.503
43.817
39.324
44.674
39.664
39.966
44.203
39.435
49.467
39.03
41.47
40.716
40.653
41.43
46.366
42.478
39.924
48.179
40.325
42.994
45.602
38.034
44.23
45.04
44.348
43.576
46.318
46.117
41.842
37.972
44.938
39.992
50.884
43.055
38.582
45.286
44.805
41.38
49.97
42.314
38.298
38.663
44.932
38.771
47.974
38.405
39.943
46.194
44.097
39.361
38.425
38.38
40.718
48.226
45.095
37.79
47.387
41.161
43.332
41.638
43.533
45.37
40.579
45.308
42.664
40.542
42.193
41.183
45.585
44.642
40.177
41.269
50.369
49.928
41.758
45.055
42.678
35.691
37.809
32.927
38.11
41.429
42.179
35.196
40.135
39.314
43.632
34.054
41.956
44.252
40.879
36.62
43.768
42.685
39.95
41.176
38.592
38.219
41.829
43.608
31.866
34.844
35.632
40.082
40.503
45.336
37.934
33.802
39.45
38.504
45.869
42.418
39.453
38.221
44.886
34.17
36.94
42.708
40.976
35.221
35.701
41.004
36.779
35.482
38.201
40.435
33.28
40.017
42.685
40.501
35.288
35.599
39.832
34.866
43.611
40.096
34.662
39.469
32.611
45.083
43.434
41.059
40.018
35.691
33.365
39.948
46.601
40.981
40.583
37.813
43.596
32.338
35.328
35.289
36.45
38.579
40.273
36.829
36.728
34.669
33.583
43.884
34.638
39.817
37.693
36.111
41.004
36.189
42.033
40.687
40.751
36.107
34.968
38.663
38.444
40.243
39.523
42.709
45.975
44.514
40.664
45.267
43.923
40.48
39.944
46.611
50.856
42.07
39.932
40.836
39.089
47.352
51.897
45.749
43.775
45.555
40.054
49.93
48.047
39.447
38.74
46.982
44.697
50.985
48.764
40.042
44.657
48.757
41.958
40.183
47.671
40.833
41.118
49.955
39.169
38.746
45.041
45.333
38.187
40.573
42.457
47.743
50.49
46.851
45.815
40.984
41.888
46.111
39.083
48.944
46.726
44.821
47.653
45.859
40.773
45.622
47.037
43.685
45.035
48.38
40.989
50.506
45.815
41.667
40.648
41.762
40.546
39.208
40.293
45.767
39.838
42.153
48.05
41.913
50.789
43.055
39.062
43.59
38.798
39.362
43.781
40.069
39.421
41.6
38.806
39.522
39.147
42.526
50.48
50.176
41.361
46.914
41.086
42.775
46.441
39.769
45.878
